2			
lat	250	680	792
lon	664	602	445
0	3352.0	0.0	2094.5
21600	3352.0	0.0	2094.5
43200	3151.2	0.0	2094.5
64800	3151.2	0.0	2094.5
86400	3546.9	0.0	2094.5
108000	3430.8	0.0	2038.6
129600	3151.2	0.0	1936.4
151200	3546.9	0.0	1936.4
172800	4030.7	0.0	1936.4
194400	3546.9	0.0	1976.1
216000	3152.0	0.0	2040.8
237600	3737.8	0.0	2040.8
259200	4031.5	0.0	2040.8
280800	3508.7	0.0	2039.6
302400	3352.8	0.0	2039.6
324000	3152.0	0.0	2039.6
345600	3547.7	0.0	2039.6
367200	3409.0	0.0	2039.6
388800	3112.8	0.0	2040.7
410400	3009.9	0.0	2040.7
432000	3655.2	0.0	2040.7
453600	3449.3	0.0	2040.7
475200	3112.8	0.0	2042.3
496800	3574.3	0.0	2042.3
518400	3854.2	0.0	2042.3
540000	3574.3	0.0	2039.6
561600	3240.5	0.0	2075.8
583200	3655.2	0.0	2075.8
604800	4048.1	0.0	2075.8
626400	3450.9	0.0	2075.8
648000	3325.7	0.0	2075.8
669600	3655.2	0.0	2075.8
691200	4236.7	0.0	2075.8
712800	3681.9	0.0	2075.8
734400	4263.4	0.0	2075.8
756000	4552.9	0.0	2075.8
777600	4925.8	0.0	2075.8
799200	5023.5	0.0	2075.8
820800	4795.3	0.0	2075.8
842400	4220.9	0.0	2075.8
864000	4227.1	0.0	2075.8
885600	4807.7	0.0	2121.6
907200	4937.3	0.0	2184.7
928800	4937.3	0.0	2184.6
950400	4693.4	0.0	2184.6
972000	4045.2	0.0	2221.1
993600	4776.7	0.0	2221.1
1015200	5097.4	0.0	2221.1
1036800	4959.0	0.0	2221.1
1058400	4461.1	0.0	2302.0
1080000	4837.6	0.0	2363.2
1101600	4959.0	0.0	2363.2
1123200	4589.2	0.0	2363.2
1144800	4287.6	0.0	2555.4
1166400	4959.0	0.0	2636.2
1188000	4589.2	0.0	2636.2
1209600	4589.2	0.0	2636.2
1231200	4244.0	0.0	2555.4
1252800	4287.6	0.0	2641.0
1274400	4837.6	0.0	2641.0
1296000	4589.2	0.0	2641.0
1317600	4244.0	0.0	2671.0
1339200	4837.6	0.0	2671.0
1360800	4837.6	0.0	2671.0
1382400	4589.2	0.0	2671.0
1404000	4837.6	0.0	2797.6
1425600	4959.0	0.0	2797.6
1447200	4959.0	0.0	2797.6
1468800	4959.0	0.0	2797.6
1490400	5097.4	0.0	2797.6
1512000	5097.4	0.0	2797.6
1533600	5097.4	0.0	2797.6
1555200	4924.7	0.0	2797.6
1576800	4641.8	0.0	2844.8
1598400	4924.7	0.0	2844.8
1620000	5040.9	0.0	2844.8
1641600	5158.9	0.0	2844.8
1663200	5158.9	0.0	2844.8
1684800	5045.0	0.0	2844.8
1706400	5045.0	0.0	2844.8
1728000	4867.8	0.0	2844.8
1749600	4751.4	0.0	2940.5
1771200	4984.2	0.0	3029.4
1792800	5212.0	0.0	3029.4
1814400	4984.2	0.0	3029.4
1836000	4984.2	0.0	3534.7
1857600	5154.4	0.0	3614.1
1879200	5154.4	0.0	3614.1
1900800	5001.0	0.0	3614.1
1922400	5001.0	0.0	3614.1
1944000	5246.0	0.0	3534.7
1965600	5246.0	0.0	3534.7
1987200	5016.5	0.0	3534.7
2008800	5016.5	0.0	3534.7
2030400	5303.1	0.0	3508.6
2052000	5246.8	0.0	3508.6
2073600	5246.8	0.0	3508.6
2095200	5303.1	0.0	3508.6
2116800	5303.1	0.0	3508.6
2138400	5217.2	0.0	3508.6
2160000	4986.9	0.0	3508.6
2181600	5273.5	0.0	3508.6
2203200	5273.5	0.0	3463.6
2224800	5159.6	0.0	3434.9
2246400	5159.6	0.0	3434.9
2268000	5303.1	0.0	3305.4
2289600	5303.1	0.0	3227.3
2311200	5217.2	0.0	3227.3
2332800	5159.6	0.0	3227.3
2354400	5159.6	0.0	3394.5
2376000	5273.5	0.0	3438.3
2397600	5307.2	0.0	3438.3
2419200	5217.2	0.0	3438.3
2440800	5217.2	0.0	3438.3
2462400	5307.2	0.0	3438.3
2484000	5307.2	0.0	3438.3
2505600	5217.2	0.0	3438.3
2527200	5259.1	0.0	3438.3
2548800	5292.8	0.0	3474.4
2570400	5202.8	0.0	3474.4
2592000	4995.9	0.0	3474.4
2613600	4457.7	0.0	3544.6
2635200	5266.0	0.0	3615.9
2656800	5106.8	0.0	3724.0
2678400	4991.2	0.0	3724.0
2700000	4872.3	0.0	3831.9
2721600	5255.7	0.0	3886.1
2743200	5780.7	0.0	3886.1
2764800	5841.7	0.0	3886.1
2786400	5904.2	0.0	3886.1
2808000	5904.2	0.0	3886.1
2829600	5709.5	0.0	3886.1
2851200	5492.8	0.0	3886.1
2872800	5511.3	0.0	3949.9
2894400	5619.1	0.0	3949.9
2916000	5511.3	0.0	3949.9
2937600	5511.3	0.0	3949.9
2959200	5736.0	0.0	4025.8
2980800	5894.0	151.0	4093.1
3002400	5637.6	151.0	4093.1
3024000	5639.7	151.0	4093.1
3045600	5706.1	75.7	4126.0
3067200	6087.0	75.7	4126.0
3088800	5706.1	75.7	4126.0
3110400	5706.1	75.7	4126.0
3132000	6087.0	75.7	4126.0
3153600	7109.7	75.7	4126.0
3175200	6463.7	0.0	4214.1
3196800	6457.5	0.0	4214.1
3218400	6162.0	0.0	4214.1
3240000	5778.5	0.0	4313.9
3261600	5766.1	0.0	4483.7
3283200	5766.1	0.0	4483.7
3304800	5711.8	0.0	4517.1
3326400	5874.9	0.0	4570.4
3348000	5790.8	0.0	4656.2
3369600	5315.2	0.0	4656.2
3391200	5315.2	0.0	4656.2
3412800	5323.4	0.0	4656.2
3434400	5137.6	0.0	4656.2
3456000	4506.7	0.0	4656.2
3477600	4341.7	0.0	4656.2
3499200	5265.3	0.0	4656.2
3520800	4883.4	0.0	4736.4
3542400	4181.7	0.0	4736.4
3564000	4067.9	0.0	4980.8
3585600	4883.4	93.5	4980.8
3607200	5265.3	184.5	5062.1
3628800	5040.7	184.5	5062.1
3650400	5198.8	413.8	5144.3
3672000	5255.7	506.0	5249.4
3693600	5255.7	592.8	5297.6
3715200	5815.5	592.8	5297.6
3736800	5811.4	773.6	5537.8
3758400	6034.8	1128.5	5974.6
3780000	5606.1	1128.5	6332.1
3801600	5593.7	1128.5	6332.1
3823200	8486.9	1530.5	6310.7
3844800	10352.2	1639.7	6310.7
3866400	12805.2	1639.7	6239.6
3888000	13581.2	1639.7	6239.6
3909600	14126.7	1639.7	6239.6
3931200	14368.6	1944.4	6068.5
3952800	17634.7	1944.4	5968.0
3974400	18493.7	1944.4	5968.0
3996000	17634.7	1944.4	5879.8
4017600	16480.8	1944.4	6310.7
4039200	15932.5	1944.4	5879.8
4060800	15768.0	1944.4	5879.8
4082400	16001.0	1314.7	5922.2
4104000	17913.9	1168.8	6087.3
4125600	16874.5	1168.8	6208.8
4147200	15071.8	1168.8	6938.2
4168800	15174.7	1089.2	7123.1
4190400	12902.7	1652.5	7123.1
4212000	12414.3	1652.5	7739.7
4233600	11251.2	1652.5	8058.9
4255200	10653.2	1729.0	8812.6
4276800	10040.2	2455.4	9180.7
4298400	9766.4	2455.4	9810.5
4320000	9871.9	2455.4	10394.1
4341600	9766.4	2930.9	11568.8
4363200	9329.1	3409.3	13096.1
4384800	9329.1	3409.3	14395.7
4406400	9265.6	3409.3	15922.7
4428000	9122.3	3523.5	17831.1
4449600	9225.2	5361.5	18846.5
4471200	8967.1	5361.5	21147.8
4492800	8835.2	5361.5	23436.8
4514400	8701.7	5361.5	24499.4
4536000	8762.4	6436.1	24499.4
4557600	8901.9	6436.1	24499.4
4579200	9414.7	6436.1	24499.4
4600800	9722.1	7158.2	24499.4
4622400	9842.2	7792.1	26027.3
4644000	10305.3	7792.1	27862.9
4665600	11296.9	7792.1	28730.8
4687200	11506.5	7918.6	28730.8
4708800	11582.9	8162.5	29237.1
4730400	11676.0	8398.4	29237.1
4752000	12118.2	8398.4	29237.1
4773600	12244.7	10426.8	29237.1
4795200	12072.6	11093.9	29237.1
4816800	12115.5	11509.7	28465.3
4838400	12663.9	11509.7	28465.3
4860000	12851.3	11675.4	27687.2
4881600	12851.3	11675.4	27687.2
4903200	13763.3	11675.4	26920.4
4924800	13571.6	11675.4	26920.4
4946400	13581.8	11813.0	26385.6
4968000	13723.5	12504.5	25879.4
4989600	13478.3	12504.5	25879.4
5011200	13174.1	12504.5	25372.8
5032800	12838.9	12797.0	25372.8
5054400	12786.3	13186.8	24860.8
5076000	12635.4	13186.8	24860.8
5097600	12180.6	13186.8	24860.8
5119200	11996.4	13473.9	24860.8
5140800	11639.0	13897.5	24351.7
5162400	11476.6	13994.2	24351.7
5184000	11639.0	13994.2	25370.1
5205600	11085.9	13994.2	25370.1
5227200	10842.2	13994.2	25370.1
5248800	10108.1	13497.8	25754.6
5270400	10108.1	13096.1	25754.6
5292000	9796.1	13096.1	26129.8
5313600	9956.2	12706.0	26513.9
5335200	9901.7	12706.0	26513.9
5356800	9796.1	12706.0	26897.7
5378400	10094.8	12324.0	26897.7
5400000	10094.8	11634.4	26897.7
5421600	9839.9	11248.6	27403.5
5443200	9574.3	11023.0	27403.5
5464800	9318.3	11023.0	27403.5
5486400	9452.2	11023.0	27403.5
5508000	9089.1	10819.9	26901.1
5529600	9089.1	10388.9	26901.1
5551200	8946.4	10371.0	26407.4
5572800	8752.2	10133.8	25932.8
5594400	8531.5	9842.8	25494.7
5616000	8263.5	8700.3	25494.7
5637600	7832.0	8700.3	25268.9
5659200	7832.0	8700.3	24763.9
5680800	7790.4	8700.3	24300.9
5702400	7790.4	8700.3	24300.9
5724000	7712.6	8531.1	24067.5
5745600	7712.6	8531.1	23328.9
5767200	7657.0	7792.1	22643.0
5788800	7665.2	7792.1	22643.0
5810400	7733.2	7158.2	22186.6
5832000	7810.2	7158.2	21191.0
5853600	7597.1	7158.2	20948.2
5875200	7597.1	7158.2	20463.5
5896800	7482.6	6646.7	19947.8
5918400	7482.6	6646.7	19715.8
5940000	7298.4	6646.7	19409.3
5961600	7298.4	6646.7	19262.3
5983200	7298.4	6646.7	19117.0
6004800	7069.0	6358.3	18808.1
6026400	7069.0	6358.3	18336.7
6048000	6959.1	6358.3	18196.6
6069600	6959.1	5612.8	18031.4
6091200	7121.8	5612.8	17678.5
6112800	7575.7	5612.8	17528.3
6134400	7778.2	5612.8	17528.3
6156000	7769.9	5612.8	17374.6
6177600	7778.2	4780.8	16918.6
6199200	7429.0	4780.8	16918.6
6220800	7435.2	4780.8	16612.8
6242400	7229.4	4780.8	16317.5
6264000	7229.4	4967.4	15935.8
6285600	7060.8	4967.4	15553.6
6307200	7060.8	4967.4	15553.6
6328800	6944.6	4967.4	15170.5
6350400	6627.6	4967.4	14788.7
6372000	6424.1	4967.4	14400.1
6393600	6424.1	4967.4	14400.1
6415200	5813.1	5032.7	14400.1
6436800	5817.2	5032.7	14354.9
6458400	5576.6	5032.7	14377.2
6480000	5410.7	5032.7	14377.2
6501600	5256.6	5032.7	14377.2
6523200	4729.6	5736.1	14377.2
6544800	4644.4	5736.1	14333.7
6566400	4644.4	5736.1	14333.7
6588000	4388.2	6097.4	14333.7
6609600	4524.8	6097.4	14025.8
6631200	4353.9	6628.7	14025.8
6652800	4353.9	6628.7	14025.8
6674400	4524.8	7428.3	14025.8
6696000	4524.8	7616.1	13722.8
6717600	4183.0	7616.1	13404.4
6739200	4183.0	7616.1	13404.4
6760800	4353.9	7828.8	13105.3
6782400	4353.9	7828.8	12802.3
6804000	4096.7	7828.8	11271.2
6825600	4096.7	7828.8	11271.2
6847200	4524.8	7616.1	10958.6
6868800	4524.8	5506.9	10701.5
6890400	4606.3	5506.9	10456.0
6912000	4606.3	5506.9	10456.0
6933600	4364.2	5102.6	9943.8
6955200	4778.0	3738.6	9434.8
6976800	5119.2	3738.6	8919.7
6998400	4778.0	3738.6	8407.6
7020000	4778.0	3111.7	8207.6
7041600	5200.6	2426.6	8207.6
7063200	5200.6	2426.6	8181.9
7084800	5200.6	2426.6	8181.9
7106400	4778.0	2412.0	8181.9
7128000	5119.2	2412.0	8178.1
7149600	4870.3	2412.0	8178.1
7171200	4870.3	2412.0	8178.1
7192800	4870.3	2273.7	7975.9
7214400	4610.4	2273.7	7774.5
7236000	4545.4	2273.7	7363.9
7257600	4545.4	2273.7	7363.9
7279200	4620.7	2250.4	7363.9
7300800	4880.6	2250.4	7363.9
7322400	4788.3	2250.4	7363.9
7344000	4788.3	2250.4	7363.9
7365600	4620.7	2046.2	7363.9
7387200	4880.6	2046.2	7569.3
7408800	4872.4	2046.2	7775.3
7430400	4870.3	2046.2	7775.3
7452000	4535.1	2046.2	7775.3
7473600	4531.0	2046.2	7775.3
7495200	4183.0	2046.2	7775.3
7516800	4183.0	2046.2	7775.3
7538400	4353.9	1980.9	7775.3
7560000	4600.1	1980.9	7775.3
7581600	4524.8	1783.2	7365.9
7603200	4524.8	1783.2	7365.9
7624800	4183.0	1783.2	6752.0
7646400	4353.9	1783.2	6752.0
7668000	4353.9	1783.2	6752.0
7689600	4008.8	1783.2	6752.0
7711200	4008.8	1783.2	6372.2
7732800	4423.7	1440.5	6304.2
7754400	4092.2	1440.5	6304.2
7776000	4524.8	1440.5	6303.0
7797600	3733.4	1440.5	5984.7
7819200	3733.4	1440.5	5793.7
7840800	4168.3	1440.5	5601.7
7862400	4176.6	1440.5	5601.7
7884000	4007.7	1440.5	5471.5
7905600	4007.7	1386.9	5338.7
7927200	3129.6	1386.9	5210.5
7948800	3139.9	1386.9	5210.5
7970400	3580.8	1386.9	4960.8
7992000	3582.9	1296.7	4838.6
8013600	3422.0	1296.7	4716.1
8035200	3582.9	1296.7	4716.1
8056800	3338.2	1386.9	4596.9
8078400	3250.2	1386.9	4596.9
8100000	2891.8	1386.9	4596.9
8121600	2725.7	1386.9	4596.9
8143200	2994.5	1296.7	4596.9
8164800	3170.5	1296.7	4596.9
8186400	2815.3	1296.7	4596.9
8208000	2815.3	1296.7	4596.9
8229600	2725.7	1490.9	4596.9
8251200	2546.5	1296.7	4596.9
8272800	2994.5	1490.9	4352.2
8294400	2994.5	1490.9	4352.2
8316000	2994.5	1490.9	4075.9
8337600	3170.5	1736.2	4075.9
8359200	2272.7	1491.0	3500.9
8380800	2546.5	1491.0	3882.1
8402400	2815.3	1672.0	3712.5
8424000	2994.5	1672.0	3438.9
8445600	2725.7	1672.0	3415.7
8467200	2725.7	1672.0	3415.7
8488800	2546.5	1549.2	3415.7
8510400	2815.3	1549.2	3468.0
8532000	2272.7	1736.2	3500.9
8553600	2272.7	1736.2	3500.9
8575200	1832.5	1391.8	3606.7
8596800	2190.4	1391.8	3606.7
8618400	2007.8	1391.8	3606.7
8640000	1832.5	1391.8	3606.7
8661600	2199.2	1121.9	3606.7
8683200	1832.5	819.2	3560.3
8704800	2007.8	819.2	3532.7
8726400	2007.8	819.2	3532.7
8748000	2288.8	819.2	3532.7
8769600	1925.4	819.2	3585.3
8791200	2199.2	819.2	3585.3
8812800	2199.2	819.2	3585.3
8834400	2559.4	819.2	3443.4
8856000	2559.4	650.7	3443.4
8877600	1904.9	650.7	3213.0
8899200	1719.0	650.7	3213.0
8920800	1719.0	650.7	3186.0
8942400	1904.9	650.7	2908.1
8964000	1904.9	650.7	2810.3
8985600	1913.1	650.7	2810.3
9007200	1791.2	650.7	2690.7
9028800	1791.2	650.7	1984.6
9050400	1791.2	650.7	1737.6
9072000	1923.4	650.7	1737.6
9093600	1985.6	650.7	1737.6
9115200	1801.4	600.6	1752.4
9136800	1985.6	600.6	1739.4
9158400	1985.6	600.6	1739.4
9180000	1708.5	525.8	1739.4
9201600	1801.4	525.8	1739.4
9223200	2168.2	525.8	1739.4
9244800	2168.2	525.8	1739.4
9266400	1801.4	418.9	1842.3
9288000	1801.4	418.9	1895.6
9309600	1906.7	418.9	1949.4
